-2.100000000000000000e+01
0.000000000000000000e+00
0.000000000000000000e+00
-2.100000000000000000e+01
0.000000000000000000e+00
0.000000000000000000e+00
-2.100000000000000000e+01
0.000000000000000000e+00
0.000000000000000000e+00
-2.100000000000000000e+01
0.000000000000000000e+00
0.000000000000000000e+00
-2.100000000000000000e+01
0.000000000000000000e+00
0.000000000000000000e+00
2.020000000000000000e+02
2.000000000000000000e+00
3.000000000000000000e+00
3.000000000000000000e+00
4.000000000000000000e+00
2.020000000000000000e+02
2.000000000000000000e+00
3.000000000000000000e+00
3.000000000000000000e+00
4.000000000000000000e+00
2.020000000000000000e+02
2.000000000000000000e+00
3.000000000000000000e+00
3.000000000000000000e+00
4.000000000000000000e+00
2.020000000000000000e+02
2.000000000000000000e+00
3.000000000000000000e+00
3.000000000000000000e+00
4.000000000000000000e+00
2.020000000000000000e+02
2.000000000000000000e+00
3.000000000000000000e+00
3.000000000000000000e+00
4.000000000000000000e+00
