-2.100000000000000000e+01
-2.031000000000000000e+03
-2.050410000000000000e+05
-2.100000000000000000e+01
-2.031000000000000000e+03
-2.050410000000000000e+05
-2.100000000000000000e+01
-2.031000000000000000e+03
-2.050410000000000000e+05
-2.100000000000000000e+01
-2.031000000000000000e+03
-2.050410000000000000e+05
-2.100000000000000000e+01
-2.031000000000000000e+03
-2.050410000000000000e+05
0.000000000000000000e+00
0.000000000000000000e+00
0.000000000000000000e+00
0.000000000000000000e+00
0.000000000000000000e+00
0.000000000000000000e+00
0.000000000000000000e+00
0.000000000000000000e+00
0.000000000000000000e+00
0.000000000000000000e+00
2.020000000000000000e+02
2.050300000000000000e+04
2.070904000000000000e+06
2.050400000000000000e+04
2.050500000000000000e+04
2.050500000000000000e+04
2.050600000000000000e+04
2.020000000000000000e+02
2.050300000000000000e+04
2.070904000000000000e+06
2.050400000000000000e+04
2.050500000000000000e+04
2.050500000000000000e+04
2.050600000000000000e+04
2.020000000000000000e+02
2.050300000000000000e+04
2.070904000000000000e+06
2.050400000000000000e+04
2.050500000000000000e+04
2.050500000000000000e+04
2.050600000000000000e+04
2.020000000000000000e+02
2.050300000000000000e+04
2.070904000000000000e+06
2.050400000000000000e+04
2.050500000000000000e+04
2.050500000000000000e+04
2.050600000000000000e+04
2.020000000000000000e+02
2.050300000000000000e+04
2.070904000000000000e+06
2.050400000000000000e+04
2.050500000000000000e+04
2.050500000000000000e+04
2.050600000000000000e+04
